# Created by Octave 3.8.1, Mon Mar 21 07:32:52 2016 CLT <jevanio@jevanio-pc>
# name: test_err
# type: matrix
# rows: 1
# columns: 5
 39.03254037627789 0.002615661823620619 0.002520552104524883 0.002515415646698774 0.002510623614247206


# name: train_err
# type: matrix
# rows: 1
# columns: 5
 39.0294145613755 0.002526061507745035 0.002438660929936914 0.00243345265964072 0.00242888675391362


